czas,temperatura0,0
0,1199.79
0.1,1199.59
0.2,1199.38
0.3,1199.17
0.4,1198.96
0.5,1198.76
0.6,1198.55
0.7,1198.35
0.8,1198.14
0.9,1197.93
1,1197.73
1.1,1197.52
1.2,1197.32
1.3,1197.11
1.4,1196.9
1.5,1196.7
1.6,1196.49
1.7,1196.29
1.8,1196.08
1.9,1195.88
2,1195.68
2.1,1195.47
2.2,1195.27
2.3,1195.06
2.4,1194.86
2.5,1194.65
2.6,1194.45
2.7,1194.25
2.8,1194.04
2.9,1193.84
3,1193.64
3.1,1193.43
3.2,1193.23
3.3,1193.03
3.4,1192.83
3.5,1192.62
3.6,1192.42
3.7,1192.22
3.8,1192.02
3.9,1191.82
4,1191.61
4.1,1191.41
4.2,1191.21
4.3,1191.01
4.4,1190.81
4.5,1190.61
4.6,1190.41
4.7,1190.21
4.8,1190
4.9,1189.8
5,1189.6
5.1,1189.4
5.2,1189.2
5.3,1189
5.4,1188.8
5.5,1188.6
5.6,1188.4
5.7,1188.2
5.8,1188.01
5.9,1187.81
6,1187.61
6.1,1187.41
6.2,1187.21
6.3,1187.01
6.4,1186.81
6.5,1186.61
6.6,1186.42
6.7,1186.22
6.8,1186.02
6.9,1185.82
7,1185.62
7.1,1185.43
7.2,1185.23
7.3,1185.03
7.4,1184.83
7.5,1184.64
7.6,1184.44
7.7,1184.24
7.8,1184.05
7.9,1183.85
8,1183.65
8.1,1183.46
8.2,1183.26
8.3,1183.07
8.4,1182.87
8.5,1182.67
8.6,1182.48
8.7,1182.28
8.8,1182.09
8.9,1181.89
9,1181.7
9.1,1181.5
9.2,1181.31
9.3,1181.11
9.4,1180.92
9.5,1180.72
9.6,1180.53
9.7,1180.33
9.8,1180.14
9.9,1179.95
10,1179.75
10.1,1179.56
10.2,1179.37
10.3,1179.17
10.4,1178.98
10.5,1178.79
10.6,1178.59
10.7,1178.4
10.8,1178.21
10.9,1178.01
11,1177.82
11.1,1177.63
11.2,1177.44
11.3,1177.24
11.4,1177.05
11.5,1176.86
11.6,1176.67
11.7,1176.48
11.8,1176.29
11.9,1176.09
12,1175.9
12.1,1175.71
12.2,1175.52
12.3,1175.33
12.4,1175.14
12.5,1174.95
12.6,1174.76
12.7,1174.57
12.8,1174.38
12.9,1174.19
13,1174
13.1,1173.81
13.2,1173.62
13.3,1173.43
13.4,1173.24
13.5,1173.05
13.6,1172.86
13.7,1172.67
13.8,1172.48
13.9,1172.29
14,1172.1
14.1,1171.91
14.2,1171.72
14.3,1171.54
14.4,1171.35
14.5,1171.16
14.6,1170.97
14.7,1170.78
14.8,1170.6
14.9,1170.41
15,1170.22
15.1,1170.03
15.2,1169.84
15.3,1169.66
15.4,1169.47
15.5,1169.28
15.6,1169.1
15.7,1168.91
15.8,1168.72
15.9,1168.54
16,1168.35
16.1,1168.16
16.2,1167.98
16.3,1167.79
16.4,1167.61
16.5,1167.42
16.6,1167.23
16.7,1167.05
16.8,1166.86
16.9,1166.68
17,1166.49
17.1,1166.31
17.2,1166.12
17.3,1165.94
17.4,1165.75
17.5,1165.57
17.6,1165.38
17.7,1165.2
17.8,1165.01
17.9,1164.83
18,1164.65
18.1,1164.46
18.2,1164.28
18.3,1164.09
18.4,1163.91
18.5,1163.73
18.6,1163.54
18.7,1163.36
18.8,1163.18
18.9,1162.99
19,1162.81
19.1,1162.63
19.2,1162.45
19.3,1162.26
19.4,1162.08
19.5,1161.9
19.6,1161.72
19.7,1161.53
19.8,1161.35
19.9,1161.17
20,1160.99
20.1,1160.81
20.2,1160.62
20.3,1160.44
20.4,1160.26
20.5,1160.08
20.6,1159.9
20.7,1159.72
20.8,1159.54
20.9,1159.36
21,1159.18
21.1,1159
21.2,1158.82
21.3,1158.63
21.4,1158.45
21.5,1158.27
21.6,1158.09
21.7,1157.91
21.8,1157.73
21.9,1157.56
22,1157.38
22.1,1157.2
22.2,1157.02
22.3,1156.84
22.4,1156.66
22.5,1156.48
22.6,1156.3
22.7,1156.12
22.8,1155.94
22.9,1155.76
23,1155.59
23.1,1155.41
23.2,1155.23
23.3,1155.05
23.4,1154.87
23.5,1154.7
23.6,1154.52
23.7,1154.34
23.8,1154.16
23.9,1153.99
24,1153.81
24.1,1153.63
24.2,1153.45
24.3,1153.28
24.4,1153.1
24.5,1152.92
24.6,1152.75
24.7,1152.57
24.8,1152.39
24.9,1152.22
25,1152.04
25.1,1151.86
25.2,1151.69
25.3,1151.51
25.4,1151.34
25.5,1151.16
25.6,1150.99
25.7,1150.81
25.8,1150.63
25.9,1150.46
26,1150.28
26.1,1150.11
26.2,1149.93
26.3,1149.76
26.4,1149.58
26.5,1149.41
26.6,1149.24
26.7,1149.06
26.8,1148.89
26.9,1148.71
27,1148.54
27.1,1148.36
27.2,1148.19
27.3,1148.02
27.4,1147.84
27.5,1147.67
27.6,1147.5
27.7,1147.32
27.8,1147.15
27.9,1146.98
28,1146.8
28.1,1146.63
28.2,1146.46
28.3,1146.28
28.4,1146.11
28.5,1145.94
28.6,1145.77
28.7,1145.59
28.8,1145.42
28.9,1145.25
29,1145.08
29.1,1144.91
29.2,1144.73
29.3,1144.56
29.4,1144.39
29.5,1144.22
29.6,1144.05
29.7,1143.88
29.8,1143.71
29.9,1143.53
30,1143.36
30.1,1143.19
30.2,1143.02
30.3,1142.85
30.4,1142.68
30.5,1142.51
30.6,1142.34
30.7,1142.17
30.8,1142
30.9,1141.83
31,1141.66
31.1,1141.49
31.2,1141.32
31.3,1141.15
31.4,1140.98
31.5,1140.81
31.6,1140.64
31.7,1140.47
31.8,1140.3
31.9,1140.13
32,1139.96
32.1,1139.8
32.2,1139.63
32.3,1139.46
32.4,1139.29
32.5,1139.12
32.6,1138.95
32.7,1138.78
32.8,1138.62
32.9,1138.45
33,1138.28
33.1,1138.11
33.2,1137.94
33.3,1137.78
33.4,1137.61
33.5,1137.44
33.6,1137.27
33.7,1137.11
33.8,1136.94
33.9,1136.77
34,1136.61
34.1,1136.44
34.2,1136.27
34.3,1136.11
34.4,1135.94
34.5,1135.77
34.6,1135.61
34.7,1135.44
34.8,1135.27
34.9,1135.11
35,1134.94
35.1,1134.78
35.2,1134.61
35.3,1134.44
35.4,1134.28
35.5,1134.11
35.6,1133.95
35.7,1133.78
35.8,1133.62
35.9,1133.45
36,1133.29
36.1,1133.12
36.2,1132.96
36.3,1132.79
36.4,1132.63
36.5,1132.46
36.6,1132.3
36.7,1132.13
36.8,1131.97
36.9,1131.81
37,1131.64
37.1,1131.48
37.2,1131.31
37.3,1131.15
37.4,1130.99
37.5,1130.82
37.6,1130.66
37.7,1130.5
37.8,1130.33
37.9,1130.17
38,1130.01
38.1,1129.84
38.2,1129.68
38.3,1129.52
38.4,1129.35
38.5,1129.19
38.6,1129.03
38.7,1128.87
38.8,1128.7
38.9,1128.54
39,1128.38
39.1,1128.22
39.2,1128.06
39.3,1127.89
39.4,1127.73
39.5,1127.57
39.6,1127.41
39.7,1127.25
39.8,1127.09
39.9,1126.92
40,1126.76
40.1,1126.6
40.2,1126.44
40.3,1126.28
40.4,1126.12
40.5,1125.96
40.6,1125.8
40.7,1125.64
40.8,1125.48
40.9,1125.32
41,1125.15
41.1,1124.99
41.2,1124.83
41.3,1124.67
41.4,1124.51
41.5,1124.35
41.6,1124.19
41.7,1124.03
41.8,1123.88
41.9,1123.72
42,1123.56
42.1,1123.4
42.2,1123.24
42.3,1123.08
42.4,1122.92
42.5,1122.76
42.6,1122.6
42.7,1122.44
42.8,1122.28
42.9,1122.13
43,1121.97
43.1,1121.81
43.2,1121.65
43.3,1121.49
43.4,1121.33
43.5,1121.18
43.6,1121.02
43.7,1120.86
43.8,1120.7
43.9,1120.54
44,1120.39
44.1,1120.23
44.2,1120.07
44.3,1119.91
44.4,1119.76
44.5,1119.6
44.6,1119.44
44.7,1119.28
44.8,1119.13
44.9,1118.97
45,1118.81
45.1,1118.66
45.2,1118.5
45.3,1118.34
45.4,1118.19
45.5,1118.03
45.6,1117.88
45.7,1117.72
45.8,1117.56
45.9,1117.41
46,1117.25
46.1,1117.1
46.2,1116.94
46.3,1116.78
46.4,1116.63
46.5,1116.47
46.6,1116.32
46.7,1116.16
46.8,1116.01
46.9,1115.85
47,1115.7
47.1,1115.54
47.2,1115.39
47.3,1115.23
47.4,1115.08
47.5,1114.92
47.6,1114.77
47.7,1114.61
47.8,1114.46
47.9,1114.31
48,1114.15
48.1,1114
48.2,1113.84
48.3,1113.69
48.4,1113.54
48.5,1113.38
48.6,1113.23
48.7,1113.07
48.8,1112.92
48.9,1112.77
49,1112.61
49.1,1112.46
49.2,1112.31
49.3,1112.15
49.4,1112
49.5,1111.85
49.6,1111.7
49.7,1111.54
49.8,1111.39
49.9,1111.24
50,1111.09
50.1,1110.93
50.2,1110.78
50.3,1110.63
50.4,1110.48
50.5,1110.32
50.6,1110.17
50.7,1110.02
50.8,1109.87
50.9,1109.72
51,1109.57
51.1,1109.41
51.2,1109.26
51.3,1109.11
51.4,1108.96
51.5,1108.81
51.6,1108.66
51.7,1108.51
51.8,1108.36
51.9,1108.2
52,1108.05
52.1,1107.9
52.2,1107.75
52.3,1107.6
52.4,1107.45
52.5,1107.3
52.6,1107.15
52.7,1107
52.8,1106.85
52.9,1106.7
53,1106.55
53.1,1106.4
53.2,1106.25
53.3,1106.1
53.4,1105.95
53.5,1105.8
53.6,1105.65
53.7,1105.5
53.8,1105.35
53.9,1105.2
54,1105.05
54.1,1104.9
54.2,1104.76
54.3,1104.61
54.4,1104.46
54.5,1104.31
54.6,1104.16
54.7,1104.01
54.8,1103.86
54.9,1103.71
55,1103.57
55.1,1103.42
55.2,1103.27
55.3,1103.12
55.4,1102.97
55.5,1102.83
55.6,1102.68
55.7,1102.53
55.8,1102.38
55.9,1102.23
56,1102.09
56.1,1101.94
56.2,1101.79
56.3,1101.64
56.4,1101.5
56.5,1101.35
56.6,1101.2
56.7,1101.06
56.8,1100.91
56.9,1100.76
57,1100.62
57.1,1100.47
57.2,1100.32
57.3,1100.18
57.4,1100.03
57.5,1099.88
57.6,1099.74
57.7,1099.59
57.8,1099.44
57.9,1099.3
58,1099.15
58.1,1099.01
58.2,1098.86
58.3,1098.71
58.4,1098.57
58.5,1098.42
58.6,1098.28
58.7,1098.13
58.8,1097.99
58.9,1097.84
59,1097.7
59.1,1097.55
59.2,1097.4
59.3,1097.26
59.4,1097.11
59.5,1096.97
59.6,1096.83
59.7,1096.68
59.8,1096.54
59.9,1096.39
60,1096.25
60.1,1096.1
60.2,1095.96
60.3,1095.81
60.4,1095.67
60.5,1095.53
60.6,1095.38
60.7,1095.24
60.8,1095.09
60.9,1094.95
61,1094.81
61.1,1094.66
61.2,1094.52
61.3,1094.38
61.4,1094.23
61.5,1094.09
61.6,1093.95
61.7,1093.8
61.8,1093.66
61.9,1093.52
62,1093.37
62.1,1093.23
62.2,1093.09
62.3,1092.94
62.4,1092.8
62.5,1092.66
62.6,1092.52
62.7,1092.37
62.8,1092.23
62.9,1092.09
63,1091.95
63.1,1091.8
63.2,1091.66
63.3,1091.52
63.4,1091.38
63.5,1091.24
63.6,1091.1
63.7,1090.95
63.8,1090.81
63.9,1090.67
64,1090.53
64.1,1090.39
64.2,1090.25
64.3,1090.1
64.4,1089.96
64.5,1089.82
64.6,1089.68
64.7,1089.54
64.8,1089.4
64.9,1089.26
65,1089.12
65.1,1088.98
65.2,1088.84
65.3,1088.7
65.4,1088.56
65.5,1088.41
65.6,1088.27
65.7,1088.13
65.8,1087.99
65.9,1087.85
66,1087.71
66.1,1087.57
66.2,1087.43
66.3,1087.29
66.4,1087.15
66.5,1087.01
66.6,1086.88
66.7,1086.74
66.8,1086.6
66.9,1086.46
67,1086.32
67.1,1086.18
67.2,1086.04
67.3,1085.9
67.4,1085.76
67.5,1085.62
67.6,1085.48
67.7,1085.34
67.8,1085.21
67.9,1085.07
68,1084.93
68.1,1084.79
68.2,1084.65
68.3,1084.51
68.4,1084.37
68.5,1084.24
68.6,1084.1
68.7,1083.96
68.8,1083.82
68.9,1083.68
69,1083.55
69.1,1083.41
69.2,1083.27
69.3,1083.13
69.4,1082.99
69.5,1082.86
69.6,1082.72
69.7,1082.58
69.8,1082.44
69.9,1082.31
70,1082.17
70.1,1082.03
70.2,1081.9
70.3,1081.76
70.4,1081.62
70.5,1081.49
70.6,1081.35
70.7,1081.21
70.8,1081.08
70.9,1080.94
71,1080.8
71.1,1080.67
71.2,1080.53
71.3,1080.39
71.4,1080.26
71.5,1080.12
71.6,1079.98
71.7,1079.85
71.8,1079.71
71.9,1079.58
72,1079.44
72.1,1079.3
72.2,1079.17
72.3,1079.03
72.4,1078.9
72.5,1078.76
72.6,1078.63
72.7,1078.49
72.8,1078.36
72.9,1078.22
73,1078.09
73.1,1077.95
73.2,1077.82
73.3,1077.68
73.4,1077.55
73.5,1077.41
73.6,1077.28
73.7,1077.14
73.8,1077.01
73.9,1076.87
74,1076.74
74.1,1076.6
74.2,1076.47
74.3,1076.34
74.4,1076.2
74.5,1076.07
74.6,1075.93
74.7,1075.8
74.8,1075.66
74.9,1075.53
75,1075.4
75.1,1075.26
75.2,1075.13
75.3,1075
75.4,1074.86
75.5,1074.73
75.6,1074.6
75.7,1074.46
75.8,1074.33
75.9,1074.2
76,1074.06
76.1,1073.93
76.2,1073.8
76.3,1073.66
76.4,1073.53
76.5,1073.4
76.6,1073.27
76.7,1073.13
76.8,1073
76.9,1072.87
77,1072.73
77.1,1072.6
77.2,1072.47
77.3,1072.34
77.4,1072.21
77.5,1072.07
77.6,1071.94
77.7,1071.81
77.8,1071.68
77.9,1071.55
78,1071.41
78.1,1071.28
78.2,1071.15
78.3,1071.02
78.4,1070.89
78.5,1070.76
78.6,1070.62
78.7,1070.49
78.8,1070.36
78.9,1070.23
79,1070.1
79.1,1069.97
79.2,1069.84
79.3,1069.71
79.4,1069.57
79.5,1069.44
79.6,1069.31
79.7,1069.18
79.8,1069.05
79.9,1068.92
80,1068.79
80.1,1068.66
80.2,1068.53
80.3,1068.4
80.4,1068.27
80.5,1068.14
80.6,1068.01
80.7,1067.88
80.8,1067.75
80.9,1067.62
81,1067.49
81.1,1067.36
81.2,1067.23
81.3,1067.1
81.4,1066.97
81.5,1066.84
81.6,1066.71
81.7,1066.58
81.8,1066.45
81.9,1066.32
82,1066.19
82.1,1066.06
82.2,1065.93
82.3,1065.8
82.4,1065.68
82.5,1065.55
82.6,1065.42
82.7,1065.29
82.8,1065.16
82.9,1065.03
83,1064.9
83.1,1064.77
83.2,1064.65
83.3,1064.52
83.4,1064.39
83.5,1064.26
83.6,1064.13
83.7,1064
83.8,1063.88
83.9,1063.75
84,1063.62
84.1,1063.49
84.2,1063.36
84.3,1063.24
84.4,1063.11
84.5,1062.98
84.6,1062.85
84.7,1062.73
84.8,1062.6
84.9,1062.47
85,1062.34
85.1,1062.22
85.2,1062.09
85.3,1061.96
85.4,1061.83
85.5,1061.71
85.6,1061.58
85.7,1061.45
85.8,1061.33
85.9,1061.2
86,1061.07
86.1,1060.95
86.2,1060.82
86.3,1060.69
86.4,1060.57
86.5,1060.44
86.6,1060.31
86.7,1060.19
86.8,1060.06
86.9,1059.93
87,1059.81
87.1,1059.68
87.2,1059.55
87.3,1059.43
87.4,1059.3
87.5,1059.18
87.6,1059.05
87.7,1058.93
87.8,1058.8
87.9,1058.67
88,1058.55
88.1,1058.42
88.2,1058.3
88.3,1058.17
88.4,1058.05
88.5,1057.92
88.6,1057.8
88.7,1057.67
88.8,1057.55
88.9,1057.42
89,1057.3
89.1,1057.17
89.2,1057.05
89.3,1056.92
89.4,1056.8
89.5,1056.67
89.6,1056.55
89.7,1056.42
89.8,1056.3
89.9,1056.17
90,1056.05
90.1,1055.92
90.2,1055.8
90.3,1055.68
90.4,1055.55
90.5,1055.43
90.6,1055.3
90.7,1055.18
90.8,1055.05
90.9,1054.93
91,1054.81
91.1,1054.68
91.2,1054.56
91.3,1054.44
91.4,1054.31
91.5,1054.19
91.6,1054.07
91.7,1053.94
91.8,1053.82
91.9,1053.7
92,1053.57
92.1,1053.45
92.2,1053.33
92.3,1053.2
92.4,1053.08
92.5,1052.96
92.6,1052.83
92.7,1052.71
92.8,1052.59
92.9,1052.46
93,1052.34
93.1,1052.22
93.2,1052.1
93.3,1051.97
93.4,1051.85
93.5,1051.73
93.6,1051.61
93.7,1051.48
93.8,1051.36
93.9,1051.24
94,1051.12
94.1,1051
94.2,1050.87
94.3,1050.75
94.4,1050.63
94.5,1050.51
94.6,1050.39
94.7,1050.27
94.8,1050.14
94.9,1050.02
95,1049.9
95.1,1049.78
95.2,1049.66
95.3,1049.54
95.4,1049.41
95.5,1049.29
95.6,1049.17
95.7,1049.05
95.8,1048.93
95.9,1048.81
96,1048.69
96.1,1048.57
96.2,1048.45
96.3,1048.33
96.4,1048.2
96.5,1048.08
96.6,1047.96
96.7,1047.84
96.8,1047.72
96.9,1047.6
97,1047.48
97.1,1047.36
97.2,1047.24
97.3,1047.12
97.4,1047
97.5,1046.88
97.6,1046.76
97.7,1046.64
97.8,1046.52
97.9,1046.4
98,1046.28
98.1,1046.16
98.2,1046.04
98.3,1045.92
98.4,1045.8
98.5,1045.68
98.6,1045.56
98.7,1045.44
98.8,1045.32
98.9,1045.2
99,1045.08
99.1,1044.96
99.2,1044.84
99.3,1044.73
99.4,1044.61
99.5,1044.49
99.6,1044.37
99.7,1044.25
99.8,1044.13
99.9,1044.01
100,1043.89
100.1,1043.77
100.2,1043.66
100.3,1043.54
100.4,1043.42
100.5,1043.3
100.6,1043.18
100.7,1043.06
100.8,1042.94
100.9,1042.83
101,1042.71
101.1,1042.59
101.2,1042.47
101.3,1042.35
101.4,1042.24
101.5,1042.12
101.6,1042
101.7,1041.88
101.8,1041.76
101.9,1041.65
102,1041.53
102.1,1041.41
102.2,1041.29
102.3,1041.18
102.4,1041.06
102.5,1040.94
102.6,1040.82
102.7,1040.71
102.8,1040.59
102.9,1040.47
103,1040.35
103.1,1040.24
103.2,1040.12
103.3,1040
103.4,1039.89
103.5,1039.77
103.6,1039.65
103.7,1039.54
103.8,1039.42
103.9,1039.3
104,1039.18
104.1,1039.07
104.2,1038.95
104.3,1038.84
104.4,1038.72
104.5,1038.6
104.6,1038.49
104.7,1038.37
104.8,1038.25
104.9,1038.14
105,1038.02
105.1,1037.9
105.2,1037.79
105.3,1037.67
105.4,1037.56
105.5,1037.44
105.6,1037.33
105.7,1037.21
105.8,1037.09
105.9,1036.98
106,1036.86
106.1,1036.75
106.2,1036.63
106.3,1036.52
106.4,1036.4
106.5,1036.28
106.6,1036.17
106.7,1036.05
106.8,1035.94
106.9,1035.82
107,1035.71
107.1,1035.59
107.2,1035.48
107.3,1035.36
107.4,1035.25
107.5,1035.13
107.6,1035.02
107.7,1034.9
107.8,1034.79
107.9,1034.68
108,1034.56
108.1,1034.45
108.2,1034.33
108.3,1034.22
108.4,1034.1
108.5,1033.99
108.6,1033.87
108.7,1033.76
108.8,1033.65
108.9,1033.53
109,1033.42
109.1,1033.3
109.2,1033.19
109.3,1033.08
109.4,1032.96
109.5,1032.85
109.6,1032.73
109.7,1032.62
109.8,1032.51
109.9,1032.39
110,1032.28
110.1,1032.17
110.2,1032.05
110.3,1031.94
110.4,1031.83
110.5,1031.71
110.6,1031.6
110.7,1031.49
110.8,1031.37
110.9,1031.26
111,1031.15
111.1,1031.03
111.2,1030.92
111.3,1030.81
111.4,1030.69
111.5,1030.58
111.6,1030.47
111.7,1030.36
111.8,1030.24
111.9,1030.13
112,1030.02
112.1,1029.9
112.2,1029.79
112.3,1029.68
112.4,1029.57
112.5,1029.46
112.6,1029.34
112.7,1029.23
112.8,1029.12
112.9,1029.01
113,1028.89
113.1,1028.78
113.2,1028.67
113.3,1028.56
113.4,1028.45
113.5,1028.33
113.6,1028.22
113.7,1028.11
113.8,1028
113.9,1027.89
114,1027.78
114.1,1027.66
114.2,1027.55
114.3,1027.44
114.4,1027.33
114.5,1027.22
114.6,1027.11
114.7,1027
114.8,1026.88
114.9,1026.77
115,1026.66
115.1,1026.55
115.2,1026.44
115.3,1026.33
115.4,1026.22
115.5,1026.11
115.6,1026
115.7,1025.89
115.8,1025.77
115.9,1025.66
116,1025.55
116.1,1025.44
116.2,1025.33
116.3,1025.22
116.4,1025.11
116.5,1025
116.6,1024.89
116.7,1024.78
116.8,1024.67
116.9,1024.56
117,1024.45
117.1,1024.34
117.2,1024.23
117.3,1024.12
117.4,1024.01
117.5,1023.9
117.6,1023.79
117.7,1023.68
117.8,1023.57
117.9,1023.46
118,1023.35
118.1,1023.24
118.2,1023.13
118.3,1023.02
118.4,1022.91
118.5,1022.8
118.6,1022.69
118.7,1022.58
118.8,1022.47
118.9,1022.36
119,1022.26
119.1,1022.15
119.2,1022.04
119.3,1021.93
119.4,1021.82
119.5,1021.71
119.6,1021.6
119.7,1021.49
119.8,1021.38
119.9,1021.27
120,1021.17
120.1,1021.06
120.2,1020.95
120.3,1020.84
120.4,1020.73
120.5,1020.62
120.6,1020.51
120.7,1020.4
120.8,1020.3
120.9,1020.19
121,1020.08
121.1,1019.97
121.2,1019.86
121.3,1019.76
121.4,1019.65
121.5,1019.54
121.6,1019.43
121.7,1019.32
121.8,1019.21
121.9,1019.11
122,1019
122.1,1018.89
122.2,1018.78
122.3,1018.68
122.4,1018.57
122.5,1018.46
122.6,1018.35
122.7,1018.25
122.8,1018.14
122.9,1018.03
123,1017.92
123.1,1017.82
123.2,1017.71
123.3,1017.6
123.4,1017.49
123.5,1017.39
123.6,1017.28
123.7,1017.17
123.8,1017.07
123.9,1016.96
124,1016.85
124.1,1016.74
124.2,1016.64
124.3,1016.53
124.4,1016.42
124.5,1016.32
124.6,1016.21
124.7,1016.1
124.8,1016
124.9,1015.89
125,1015.78
125.1,1015.68
125.2,1015.57
125.3,1015.46
125.4,1015.36
125.5,1015.25
125.6,1015.15
125.7,1015.04
125.8,1014.93
125.9,1014.83
126,1014.72
126.1,1014.62
126.2,1014.51
126.3,1014.4
126.4,1014.3
126.5,1014.19
126.6,1014.09
126.7,1013.98
126.8,1013.87
126.9,1013.77
127,1013.66
127.1,1013.56
127.2,1013.45
127.3,1013.35
127.4,1013.24
127.5,1013.14
127.6,1013.03
127.7,1012.93
127.8,1012.82
127.9,1012.71
128,1012.61
128.1,1012.5
128.2,1012.4
128.3,1012.29
128.4,1012.19
128.5,1012.08
128.6,1011.98
128.7,1011.87
128.8,1011.77
128.9,1011.66
129,1011.56
129.1,1011.46
129.2,1011.35
129.3,1011.25
129.4,1011.14
129.5,1011.04
129.6,1010.93
129.7,1010.83
129.8,1010.72
129.9,1010.62
130,1010.52
130.1,1010.41
130.2,1010.31
130.3,1010.2
130.4,1010.1
130.5,1009.99
130.6,1009.89
130.7,1009.79
130.8,1009.68
130.9,1009.58
131,1009.47
131.1,1009.37
131.2,1009.27
131.3,1009.16
131.4,1009.06
131.5,1008.96
131.6,1008.85
131.7,1008.75
131.8,1008.64
131.9,1008.54
132,1008.44
132.1,1008.33
132.2,1008.23
132.3,1008.13
132.4,1008.02
132.5,1007.92
132.6,1007.82
132.7,1007.71
132.8,1007.61
132.9,1007.51
133,1007.41
133.1,1007.3
133.2,1007.2
133.3,1007.1
133.4,1006.99
133.5,1006.89
133.6,1006.79
133.7,1006.69
133.8,1006.58
133.9,1006.48
134,1006.38
134.1,1006.27
134.2,1006.17
134.3,1006.07
134.4,1005.97
134.5,1005.86
134.6,1005.76
134.7,1005.66
134.8,1005.56
134.9,1005.46
135,1005.35
135.1,1005.25
135.2,1005.15
135.3,1005.05
135.4,1004.95
135.5,1004.84
135.6,1004.74
135.7,1004.64
135.8,1004.54
135.9,1004.44
136,1004.33
136.1,1004.23
136.2,1004.13
136.3,1004.03
136.4,1003.93
136.5,1003.83
136.6,1003.72
136.7,1003.62
136.8,1003.52
136.9,1003.42
137,1003.32
137.1,1003.22
137.2,1003.12
137.3,1003.01
137.4,1002.91
137.5,1002.81
137.6,1002.71
137.7,1002.61
137.8,1002.51
137.9,1002.41
138,1002.31
138.1,1002.21
138.2,1002.1
138.3,1002
138.4,1001.9
138.5,1001.8
138.6,1001.7
138.7,1001.6
138.8,1001.5
138.9,1001.4
139,1001.3
139.1,1001.2
139.2,1001.1
139.3,1001
139.4,1000.9
139.5,1000.8
139.6,1000.7
139.7,1000.6
139.8,1000.5
139.9,1000.4
140,1000.3
140.1,1000.2
140.2,1000.1
140.3,999.996
140.4,999.896
140.5,999.796
140.6,999.696
140.7,999.596
140.8,999.496
140.9,999.396
141,999.296
141.1,999.197
141.2,999.097
141.3,998.997
141.4,998.898
141.5,998.798
141.6,998.699
141.7,998.599
141.8,998.5
141.9,998.4
142,998.301
142.1,998.202
142.2,998.102
142.3,998.003
142.4,997.904
142.5,997.805
142.6,997.706
142.7,997.607
142.8,997.508
142.9,997.409
143,997.31
143.1,997.211
143.2,997.112
143.3,997.013
143.4,996.914
143.5,996.815
143.6,996.717
143.7,996.618
143.8,996.519
143.9,996.421
144,996.322
144.1,996.224
144.2,996.125
144.3,996.027
144.4,995.928
144.5,995.83
144.6,995.731
144.7,995.633
144.8,995.535
144.9,995.437
145,995.338
145.1,995.24
145.2,995.142
145.3,995.044
145.4,994.946
145.5,994.848
145.6,994.75
145.7,994.652
145.8,994.554
145.9,994.457
146,994.359
146.1,994.261
146.2,994.163
146.3,994.066
146.4,993.968
146.5,993.87
146.6,993.773
146.7,993.675
146.8,993.578
146.9,993.48
147,993.383
147.1,993.285
147.2,993.188
147.3,993.091
147.4,992.994
147.5,992.896
147.6,992.799
147.7,992.702
147.8,992.605
147.9,992.508
148,992.411
148.1,992.314
148.2,992.217
148.3,992.12
148.4,992.023
148.5,991.926
148.6,991.829
148.7,991.733
148.8,991.636
148.9,991.539
149,991.442
149.1,991.346
149.2,991.249
149.3,991.153
149.4,991.056
149.5,990.96
149.6,990.863
149.7,990.767
149.8,990.671
149.9,990.574
150,990.478
150.1,990.382
150.2,990.286
150.3,990.189
150.4,990.093
150.5,989.997
150.6,989.901
150.7,989.805
150.8,989.709
150.9,989.613
151,989.517
151.1,989.421
151.2,989.325
151.3,989.23
151.4,989.134
151.5,989.038
151.6,988.943
151.7,988.847
151.8,988.751
151.9,988.656
152,988.56
152.1,988.465
152.2,988.369
152.3,988.274
152.4,988.178
152.5,988.083
152.6,987.988
152.7,987.892
152.8,987.797
152.9,987.702
153,987.607
153.1,987.512
153.2,987.417
153.3,987.321
153.4,987.226
153.5,987.131
153.6,987.037
153.7,986.942
153.8,986.847
153.9,986.752
154,986.657
154.1,986.562
154.2,986.468
154.3,986.373
154.4,986.278
154.5,986.184
154.6,986.089
154.7,985.994
154.8,985.9
154.9,985.805
155,985.711
155.1,985.617
155.2,985.522
155.3,985.428
155.4,985.334
155.5,985.239
155.6,985.145
155.7,985.051
155.8,984.957
155.9,984.863
156,984.769
156.1,984.675
156.2,984.581
156.3,984.487
156.4,984.393
156.5,984.299
156.6,984.205
156.7,984.111
156.8,984.017
156.9,983.923
157,983.83
157.1,983.736
157.2,983.642
157.3,983.549
157.4,983.455
157.5,983.362
157.6,983.268
157.7,983.175
157.8,983.081
157.9,982.988
158,982.894
158.1,982.801
158.2,982.708
158.3,982.615
158.4,982.521
158.5,982.428
158.6,982.335
158.7,982.242
158.8,982.149
158.9,982.056
159,981.963
159.1,981.87
159.2,981.777
159.3,981.684
159.4,981.591
159.5,981.498
159.6,981.405
159.7,981.313
159.8,981.22
159.9,981.127
160,981.035
160.1,980.942
160.2,980.849
160.3,980.757
160.4,980.664
160.5,980.572
160.6,980.479
160.7,980.387
160.8,980.295
160.9,980.202
161,980.11
161.1,980.018
161.2,979.925
161.3,979.833
161.4,979.741
161.5,979.649
161.6,979.557
161.7,979.465
161.8,979.373
161.9,979.281
162,979.189
162.1,979.097
162.2,979.005
162.3,978.913
162.4,978.821
162.5,978.729
162.6,978.638
162.7,978.546
162.8,978.454
162.9,978.363
163,978.271
163.1,978.179
163.2,978.088
163.3,977.996
163.4,977.905
163.5,977.813
163.6,977.722
163.7,977.63
163.8,977.539
163.9,977.448
164,977.357
164.1,977.265
164.2,977.174
164.3,977.083
164.4,976.992
164.5,976.901
164.6,976.81
164.7,976.719
164.8,976.628
164.9,976.537
165,976.446
165.1,976.355
165.2,976.264
165.3,976.173
165.4,976.082
165.5,975.991
165.6,975.901
165.7,975.81
165.8,975.719
165.9,975.629
166,975.538
166.1,975.448
166.2,975.357
166.3,975.266
166.4,975.176
166.5,975.086
166.6,974.995
166.7,974.905
166.8,974.814
166.9,974.724
167,974.634
167.1,974.544
167.2,974.453
167.3,974.363
167.4,974.273
167.5,974.183
167.6,974.093
167.7,974.003
167.8,973.913
167.9,973.823
168,973.733
168.1,973.643
168.2,973.553
168.3,973.463
168.4,973.374
168.5,973.284
168.6,973.194
168.7,973.104
168.8,973.015
168.9,972.925
169,972.836
169.1,972.746
169.2,972.656
169.3,972.567
169.4,972.477
169.5,972.388
169.6,972.299
169.7,972.209
169.8,972.12
169.9,972.031
170,971.941
170.1,971.852
170.2,971.763
170.3,971.674
170.4,971.585
170.5,971.495
170.6,971.406
170.7,971.317
170.8,971.228
170.9,971.139
171,971.05
171.1,970.962
171.2,970.873
171.3,970.784
171.4,970.695
171.5,970.606
171.6,970.517
171.7,970.429
171.8,970.34
171.9,970.251
172,970.163
172.1,970.074
172.2,969.986
172.3,969.897
172.4,969.809
172.5,969.72
172.6,969.632
172.7,969.543
172.8,969.455
172.9,969.367
173,969.278
173.1,969.19
173.2,969.102
173.3,969.014
173.4,968.925
173.5,968.837
173.6,968.749
173.7,968.661
173.8,968.573
173.9,968.485
174,968.397
174.1,968.309
174.2,968.221
174.3,968.133
174.4,968.046
174.5,967.958
174.6,967.87
174.7,967.782
174.8,967.694
174.9,967.607
175,967.519
175.1,967.431
175.2,967.344
175.3,967.256
175.4,967.169
175.5,967.081
175.6,966.994
175.7,966.906
175.8,966.819
175.9,966.732
176,966.644
176.1,966.557
176.2,966.47
176.3,966.382
176.4,966.295
176.5,966.208
176.6,966.121
176.7,966.034
176.8,965.947
176.9,965.86
177,965.773
177.1,965.686
177.2,965.599
177.3,965.512
177.4,965.425
177.5,965.338
177.6,965.251
177.7,965.164
177.8,965.077
177.9,964.991
178,964.904
178.1,964.817
178.2,964.731
178.3,964.644
178.4,964.557
178.5,964.471
178.6,964.384
178.7,964.298
178.8,964.211
178.9,964.125
179,964.039
179.1,963.952
179.2,963.866
179.3,963.78
179.4,963.693
179.5,963.607
179.6,963.521
179.7,963.435
179.8,963.348
179.9,963.262
180,963.176
180.1,963.09
180.2,963.004
180.3,962.918
180.4,962.832
180.5,962.746
180.6,962.66
180.7,962.574
180.8,962.489
180.9,962.403
181,962.317
181.1,962.231
181.2,962.145
181.3,962.06
181.4,961.974
181.5,961.888
181.6,961.803
181.7,961.717
181.8,961.632
181.9,961.546
182,961.461
182.1,961.375
182.2,961.29
182.3,961.205
182.4,961.119
182.5,961.034
182.6,960.949
182.7,960.863
182.8,960.778
182.9,960.693
183,960.608
183.1,960.522
183.2,960.437
183.3,960.352
183.4,960.267
183.5,960.182
183.6,960.097
183.7,960.012
183.8,959.927
183.9,959.842
184,959.757
184.1,959.673
184.2,959.588
184.3,959.503
184.4,959.418
184.5,959.334
184.6,959.249
184.7,959.164
184.8,959.08
184.9,958.995
185,958.91
185.1,958.826
185.2,958.741
185.3,958.657
185.4,958.572
185.5,958.488
185.6,958.403
185.7,958.319
185.8,958.235
185.9,958.15
186,958.066
186.1,957.982
186.2,957.898
186.3,957.814
186.4,957.729
186.5,957.645
186.6,957.561
186.7,957.477
186.8,957.393
186.9,957.309
187,957.225
187.1,957.141
187.2,957.057
187.3,956.973
187.4,956.889
187.5,956.805
187.6,956.722
187.7,956.638
187.8,956.554
187.9,956.47
188,956.387
188.1,956.303
188.2,956.219
188.3,956.136
188.4,956.052
188.5,955.969
188.6,955.885
188.7,955.802
188.8,955.718
188.9,955.635
189,955.551
189.1,955.468
189.2,955.385
189.3,955.301
189.4,955.218
189.5,955.135
189.6,955.052
189.7,954.968
189.8,954.885
189.9,954.802
190,954.719
190.1,954.636
190.2,954.553
190.3,954.47
190.4,954.387
190.5,954.304
190.6,954.221
190.7,954.138
190.8,954.055
190.9,953.972
191,953.889
191.1,953.807
191.2,953.724
191.3,953.641
191.4,953.558
191.5,953.476
191.6,953.393
191.7,953.311
191.8,953.228
191.9,953.145
192,953.063
192.1,952.98
192.2,952.898
192.3,952.815
192.4,952.733
192.5,952.651
192.6,952.568
192.7,952.486
192.8,952.404
192.9,952.321
193,952.239
193.1,952.157
193.2,952.075
193.3,951.993
193.4,951.91
193.5,951.828
193.6,951.746
193.7,951.664
193.8,951.582
193.9,951.5
194,951.418
194.1,951.336
194.2,951.254
194.3,951.172
194.4,951.091
194.5,951.009
194.6,950.927
194.7,950.845
194.8,950.763
194.9,950.682
195,950.6
195.1,950.518
195.2,950.437
195.3,950.355
195.4,950.274
195.5,950.192
195.6,950.111
195.7,950.029
195.8,949.948
195.9,949.866
196,949.785
196.1,949.703
196.2,949.622
196.3,949.541
196.4,949.459
196.5,949.378
196.6,949.297
196.7,949.216
196.8,949.134
196.9,949.053
197,948.972
197.1,948.891
197.2,948.81
197.3,948.729
197.4,948.648
197.5,948.567
197.6,948.486
197.7,948.405
197.8,948.324
197.9,948.243
198,948.162
198.1,948.082
198.2,948.001
198.3,947.92
198.4,947.839
198.5,947.759
198.6,947.678
198.7,947.597
198.8,947.517
198.9,947.436
199,947.355
199.1,947.275
199.2,947.194
199.3,947.114
199.4,947.033
199.5,946.953
199.6,946.873
199.7,946.792
199.8,946.712
199.9,946.632
200,946.551
200.1,946.471
200.2,946.391
200.3,946.311
200.4,946.23
200.5,946.15
200.6,946.07
200.7,945.99
200.8,945.91
200.9,945.83
201,945.75
201.1,945.67
201.2,945.59
201.3,945.51
201.4,945.43
201.5,945.35
201.6,945.27
201.7,945.19
201.8,945.11
201.9,945.031
202,944.951
202.1,944.871
202.2,944.791
202.3,944.712
202.4,944.632
202.5,944.553
202.6,944.473
202.7,944.393
202.8,944.314
202.9,944.234
203,944.155
203.1,944.075
203.2,943.996
203.3,943.916
203.4,943.837
203.5,943.758
203.6,943.678
203.7,943.599
203.8,943.52
203.9,943.441
204,943.361
204.1,943.282
204.2,943.203
204.3,943.124
204.4,943.045
204.5,942.966
204.6,942.887
204.7,942.808
204.8,942.729
204.9,942.65
205,942.571
205.1,942.492
205.2,942.413
205.3,942.334
205.4,942.255
205.5,942.176
205.6,942.097
205.7,942.019
205.8,941.94
205.9,941.861
206,941.782
206.1,941.704
206.2,941.625
206.3,941.547
206.4,941.468
206.5,941.389
206.6,941.311
206.7,941.232
206.8,941.154
206.9,941.075
207,940.997
207.1,940.919
207.2,940.84
207.3,940.762
207.4,940.683
207.5,940.605
207.6,940.527
207.7,940.449
207.8,940.37
207.9,940.292
208,940.214
208.1,940.136
208.2,940.058
208.3,939.98
208.4,939.902
208.5,939.824
208.6,939.746
208.7,939.668
208.8,939.59
208.9,939.512
209,939.434
209.1,939.356
209.2,939.278
209.3,939.2
209.4,939.122
209.5,939.045
209.6,938.967
209.7,938.889
209.8,938.811
209.9,938.734
210,938.656
210.1,938.578
210.2,938.501
210.3,938.423
210.4,938.346
210.5,938.268
210.6,938.191
210.7,938.113
210.8,938.036
210.9,937.958
211,937.881
211.1,937.804
211.2,937.726
211.3,937.649
211.4,937.572
211.5,937.494
211.6,937.417
211.7,937.34
211.8,937.263
211.9,937.185
212,937.108
212.1,937.031
212.2,936.954
212.3,936.877
212.4,936.8
212.5,936.723
212.6,936.646
212.7,936.569
212.8,936.492
212.9,936.415
213,936.338
213.1,936.261
213.2,936.185
213.3,936.108
213.4,936.031
213.5,935.954
213.6,935.877
213.7,935.801
213.8,935.724
213.9,935.647
214,935.571
214.1,935.494
214.2,935.418
214.3,935.341
214.4,935.264
214.5,935.188
214.6,935.111
214.7,935.035
214.8,934.959
214.9,934.882
215,934.806
215.1,934.729
215.2,934.653
215.3,934.577
215.4,934.5
215.5,934.424
215.6,934.348
215.7,934.272
215.8,934.196
215.9,934.119
216,934.043
216.1,933.967
216.2,933.891
216.3,933.815
216.4,933.739
216.5,933.663
216.6,933.587
216.7,933.511
216.8,933.435
216.9,933.359
217,933.283
217.1,933.207
217.2,933.131
217.3,933.056
217.4,932.98
217.5,932.904
217.6,932.828
217.7,932.753
217.8,932.677
217.9,932.601
218,932.526
218.1,932.45
218.2,932.374
218.3,932.299
218.4,932.223
218.5,932.148
218.6,932.072
218.7,931.997
218.8,931.921
218.9,931.846
219,931.771
219.1,931.695
219.2,931.62
219.3,931.544
219.4,931.469
219.5,931.394
219.6,931.319
219.7,931.243
219.8,931.168
219.9,931.093
220,931.018
220.1,930.943
220.2,930.868
220.3,930.793
220.4,930.717
220.5,930.642
220.6,930.567
220.7,930.492
220.8,930.417
220.9,930.343
221,930.268
221.1,930.193
221.2,930.118
221.3,930.043
221.4,929.968
221.5,929.893
221.6,929.819
221.7,929.744
221.8,929.669
221.9,929.594
222,929.52
222.1,929.445
222.2,929.37
222.3,929.296
222.4,929.221
222.5,929.147
222.6,929.072
222.7,928.998
222.8,928.923
222.9,928.849
223,928.774
223.1,928.7
223.2,928.626
223.3,928.551
223.4,928.477
223.5,928.403
223.6,928.328
223.7,928.254
223.8,928.18
223.9,928.105
224,928.031
224.1,927.957
224.2,927.883
224.3,927.809
224.4,927.735
224.5,927.661
224.6,927.587
224.7,927.513
224.8,927.439
224.9,927.365
225,927.291
225.1,927.217
225.2,927.143
225.3,927.069
225.4,926.995
225.5,926.921
225.6,926.847
225.7,926.774
225.8,926.7
225.9,926.626
226,926.552
226.1,926.479
226.2,926.405
226.3,926.331
226.4,926.258
226.5,926.184
226.6,926.11
226.7,926.037
226.8,925.963
226.9,925.89
227,925.816
227.1,925.743
227.2,925.669
227.3,925.596
227.4,925.523
227.5,925.449
227.6,925.376
227.7,925.303
227.8,925.229
227.9,925.156
228,925.083
228.1,925.009
228.2,924.936
228.3,924.863
228.4,924.79
228.5,924.717
228.6,924.644
228.7,924.571
228.8,924.497
228.9,924.424
229,924.351
229.1,924.278
229.2,924.205
229.3,924.132
229.4,924.06
229.5,923.987
229.6,923.914
229.7,923.841
229.8,923.768
229.9,923.695
230,923.622
230.1,923.55
230.2,923.477
230.3,923.404
230.4,923.331
230.5,923.259
230.6,923.186
230.7,923.113
230.8,923.041
230.9,922.968
231,922.896
231.1,922.823
231.2,922.751
231.3,922.678
231.4,922.606
231.5,922.533
231.6,922.461
231.7,922.388
231.8,922.316
231.9,922.244
232,922.171
232.1,922.099
232.2,922.027
232.3,921.954
232.4,921.882
232.5,921.81
232.6,921.738
232.7,921.665
232.8,921.593
232.9,921.521
233,921.449
233.1,921.377
233.2,921.305
233.3,921.233
233.4,921.161
233.5,921.089
233.6,921.017
233.7,920.945
233.8,920.873
233.9,920.801
234,920.729
234.1,920.657
234.2,920.585
234.3,920.514
234.4,920.442
234.5,920.37
234.6,920.298
234.7,920.227
234.8,920.155
234.9,920.083
235,920.012
235.1,919.94
235.2,919.868
235.3,919.797
235.4,919.725
235.5,919.654
235.6,919.582
235.7,919.51
235.8,919.439
235.9,919.368
236,919.296
236.1,919.225
236.2,919.153
236.3,919.082
236.4,919.011
236.5,918.939
236.6,918.868
236.7,918.797
236.8,918.725
236.9,918.654
237,918.583
237.1,918.512
237.2,918.441
237.3,918.369
237.4,918.298
237.5,918.227
237.6,918.156
237.7,918.085
237.8,918.014
237.9,917.943
238,917.872
238.1,917.801
238.2,917.73
238.3,917.659
238.4,917.588
238.5,917.517
238.6,917.446
238.7,917.376
238.8,917.305
238.9,917.234
239,917.163
239.1,917.092
239.2,917.022
239.3,916.951
239.4,916.88
239.5,916.81
239.6,916.739
239.7,916.668
239.8,916.598
239.9,916.527
240,916.456
240.1,916.386
240.2,916.315
240.3,916.245
240.4,916.174
240.5,916.104
240.6,916.034
240.7,915.963
240.8,915.893
240.9,915.822
241,915.752
241.1,915.682
241.2,915.611
241.3,915.541
241.4,915.471
241.5,915.401
241.6,915.33
241.7,915.26
241.8,915.19
241.9,915.12
242,915.05
242.1,914.98
242.2,914.91
242.3,914.839
242.4,914.769
242.5,914.699
242.6,914.629
242.7,914.559
242.8,914.489
242.9,914.42
243,914.35
243.1,914.28
243.2,914.21
243.3,914.14
243.4,914.07
243.5,914
243.6,913.931
243.7,913.861
243.8,913.791
243.9,913.721
244,913.652
244.1,913.582
244.2,913.512
244.3,913.443
244.4,913.373
244.5,913.303
244.6,913.234
244.7,913.164
244.8,913.095
244.9,913.025
245,912.956
245.1,912.886
245.2,912.817
245.3,912.747
245.4,912.678
245.5,912.609
245.6,912.539
245.7,912.47
245.8,912.401
245.9,912.331
246,912.262
246.1,912.193
246.2,912.124
246.3,912.054
246.4,911.985
246.5,911.916
246.6,911.847
246.7,911.778
246.8,911.709
246.9,911.639
247,911.57
247.1,911.501
247.2,911.432
247.3,911.363
247.4,911.294
247.5,911.225
247.6,911.156
247.7,911.087
247.8,911.019
247.9,910.95
248,910.881
248.1,910.812
248.2,910.743
248.3,910.674
248.4,910.606
248.5,910.537
248.6,910.468
248.7,910.399
248.8,910.331
248.9,910.262
249,910.193
249.1,910.125
249.2,910.056
249.3,909.987
249.4,909.919
249.5,909.85
249.6,909.782
249.7,909.713
249.8,909.645
249.9,909.576
250,909.508
250.1,909.439
250.2,909.371
250.3,909.303
250.4,909.234
250.5,909.166
250.6,909.098
250.7,909.029
250.8,908.961
250.9,908.893
251,908.825
251.1,908.756
251.2,908.688
251.3,908.62
251.4,908.552
251.5,908.484
251.6,908.416
251.7,908.347
251.8,908.279
251.9,908.211
252,908.143
252.1,908.075
252.2,908.007
252.3,907.939
252.4,907.871
252.5,907.803
252.6,907.735
252.7,907.668
252.8,907.6
252.9,907.532
253,907.464
253.1,907.396
253.2,907.328
253.3,907.261
253.4,907.193
253.5,907.125
253.6,907.057
253.7,906.99
253.8,906.922
253.9,906.854
254,906.787
254.1,906.719
254.2,906.652
254.3,906.584
254.4,906.516
254.5,906.449
254.6,906.381
254.7,906.314
254.8,906.246
254.9,906.179
255,906.112
255.1,906.044
255.2,905.977
255.3,905.909
255.4,905.842
255.5,905.775
255.6,905.707
255.7,905.64
255.8,905.573
255.9,905.506
256,905.438
256.1,905.371
256.2,905.304
256.3,905.237
256.4,905.17
256.5,905.103
256.6,905.035
256.7,904.968
256.8,904.901
256.9,904.834
257,904.767
257.1,904.7
257.2,904.633
257.3,904.566
257.4,904.499
257.5,904.432
257.6,904.365
257.7,904.299
257.8,904.232
257.9,904.165
258,904.098
258.1,904.031
258.2,903.964
258.3,903.898
258.4,903.831
258.5,903.764
258.6,903.697
258.7,903.631
258.8,903.564
258.9,903.497
259,903.431
259.1,903.364
259.2,903.298
259.3,903.231
259.4,903.164
259.5,903.098
259.6,903.031
259.7,902.965
259.8,902.898
259.9,902.832
260,902.765
260.1,902.699
260.2,902.633
260.3,902.566
260.4,902.5
260.5,902.434
260.6,902.367
260.7,902.301
260.8,902.235
260.9,902.168
261,902.102
261.1,902.036
261.2,901.97
261.3,901.904
261.4,901.837
261.5,901.771
261.6,901.705
261.7,901.639
261.8,901.573
261.9,901.507
262,901.441
262.1,901.375
262.2,901.309
262.3,901.243
262.4,901.177
262.5,901.111
262.6,901.045
262.7,900.979
262.8,900.913
262.9,900.847
263,900.781
263.1,900.715
263.2,900.65
263.3,900.584
263.4,900.518
263.5,900.452
263.6,900.387
263.7,900.321
263.8,900.255
263.9,900.189
264,900.124
264.1,900.058
264.2,899.993
264.3,899.927
264.4,899.861
264.5,899.796
264.6,899.73
264.7,899.665
264.8,899.599
264.9,899.534
265,899.468
265.1,899.403
265.2,899.337
265.3,899.272
265.4,899.206
265.5,899.141
265.6,899.076
265.7,899.01
265.8,898.945
265.9,898.88
266,898.814
266.1,898.749
266.2,898.684
266.3,898.619
266.4,898.554
266.5,898.488
266.6,898.423
266.7,898.358
266.8,898.293
266.9,898.228
267,898.163
267.1,898.098
267.2,898.033
267.3,897.968
267.4,897.903
267.5,897.838
267.6,897.773
267.7,897.708
267.8,897.643
267.9,897.578
268,897.513
268.1,897.448
268.2,897.383
268.3,897.318
268.4,897.253
268.5,897.189
268.6,897.124
268.7,897.059
268.8,896.994
268.9,896.929
269,896.865
269.1,896.8
269.2,896.735
269.3,896.671
269.4,896.606
269.5,896.541
269.6,896.477
269.7,896.412
269.8,896.348
269.9,896.283
270,896.219
270.1,896.154
270.2,896.09
270.3,896.025
270.4,895.961
270.5,895.896
270.6,895.832
270.7,895.767
270.8,895.703
270.9,895.639
271,895.574
271.1,895.51
271.2,895.446
271.3,895.381
271.4,895.317
271.5,895.253
271.6,895.189
271.7,895.124
271.8,895.06
271.9,894.996
272,894.932
272.1,894.868
272.2,894.804
272.3,894.739
272.4,894.675
272.5,894.611
272.6,894.547
272.7,894.483
272.8,894.419
272.9,894.355
273,894.291
273.1,894.227
273.2,894.163
273.3,894.099
273.4,894.035
273.5,893.972
273.6,893.908
273.7,893.844
273.8,893.78
273.9,893.716
274,893.652
274.1,893.589
274.2,893.525
274.3,893.461
274.4,893.397
274.5,893.334
274.6,893.27
274.7,893.206
274.8,893.143
274.9,893.079
275,893.015
275.1,892.952
275.2,892.888
275.3,892.825
275.4,892.761
275.5,892.698
275.6,892.634
275.7,892.571
275.8,892.507
275.9,892.444
276,892.38
276.1,892.317
276.2,892.253
276.3,892.19
276.4,892.127
276.5,892.063
276.6,892
276.7,891.937
276.8,891.873
276.9,891.81
277,891.747
277.1,891.684
277.2,891.62
277.3,891.557
277.4,891.494
277.5,891.431
277.6,891.368
277.7,891.305
277.8,891.242
277.9,891.178
278,891.115
278.1,891.052
278.2,890.989
278.3,890.926
278.4,890.863
278.5,890.8
278.6,890.737
278.7,890.674
278.8,890.611
278.9,890.549
279,890.486
279.1,890.423
279.2,890.36
279.3,890.297
279.4,890.234
279.5,890.171
279.6,890.109
279.7,890.046
279.8,889.983
279.9,889.92
280,889.858
280.1,889.795
280.2,889.732
280.3,889.67
280.4,889.607
280.5,889.544
280.6,889.482
280.7,889.419
280.8,889.356
280.9,889.294
281,889.231
281.1,889.169
281.2,889.106
281.3,889.044
281.4,888.981
281.5,888.919
281.6,888.856
281.7,888.794
281.8,888.732
281.9,888.669
282,888.607
282.1,888.545
282.2,888.482
282.3,888.42
282.4,888.358
282.5,888.295
282.6,888.233
282.7,888.171
282.8,888.109
282.9,888.046
283,887.984
283.1,887.922
283.2,887.86
283.3,887.798
283.4,887.736
283.5,887.673
283.6,887.611
283.7,887.549
283.8,887.487
283.9,887.425
284,887.363
284.1,887.301
284.2,887.239
284.3,887.177
284.4,887.115
284.5,887.053
284.6,886.991
284.7,886.93
284.8,886.868
284.9,886.806
285,886.744
285.1,886.682
285.2,886.62
285.3,886.559
285.4,886.497
285.5,886.435
285.6,886.373
285.7,886.312
285.8,886.25
285.9,886.188
286,886.126
286.1,886.065
286.2,886.003
286.3,885.942
286.4,885.88
286.5,885.818
286.6,885.757
286.7,885.695
286.8,885.634
286.9,885.572
287,885.511
287.1,885.449
287.2,885.388
287.3,885.326
287.4,885.265
287.5,885.203
287.6,885.142
287.7,885.081
287.8,885.019
287.9,884.958
288,884.897
288.1,884.835
288.2,884.774
288.3,884.713
288.4,884.651
288.5,884.59
288.6,884.529
288.7,884.468
288.8,884.407
288.9,884.345
289,884.284
289.1,884.223
289.2,884.162
289.3,884.101
289.4,884.04
289.5,883.979
289.6,883.918
289.7,883.857
289.8,883.795
289.9,883.734
290,883.673
290.1,883.613
290.2,883.552
290.3,883.491
290.4,883.43
290.5,883.369
290.6,883.308
290.7,883.247
290.8,883.186
290.9,883.125
291,883.064
291.1,883.004
291.2,882.943
291.3,882.882
291.4,882.821
291.5,882.761
291.6,882.7
291.7,882.639
291.8,882.578
291.9,882.518
292,882.457
292.1,882.396
292.2,882.336
292.3,882.275
292.4,882.215
292.5,882.154
292.6,882.094
292.7,882.033
292.8,881.972
292.9,881.912
293,881.851
293.1,881.791
293.2,881.731
293.3,881.67
293.4,881.61
293.5,881.549
293.6,881.489
293.7,881.428
293.8,881.368
293.9,881.308
294,881.247
294.1,881.187
294.2,881.127
294.3,881.067
294.4,881.006
294.5,880.946
294.6,880.886
294.7,880.826
294.8,880.765
294.9,880.705
295,880.645
295.1,880.585
295.2,880.525
295.3,880.465
295.4,880.405
295.5,880.345
295.6,880.284
295.7,880.224
295.8,880.164
295.9,880.104
296,880.044
296.1,879.984
296.2,879.924
296.3,879.864
296.4,879.805
296.5,879.745
296.6,879.685
296.7,879.625
296.8,879.565
296.9,879.505
297,879.445
297.1,879.385
297.2,879.326
297.3,879.266
297.4,879.206
297.5,879.146
297.6,879.087
297.7,879.027
297.8,878.967
297.9,878.908
298,878.848
298.1,878.788
298.2,878.729
298.3,878.669
298.4,878.609
298.5,878.55
298.6,878.49
298.7,878.431
298.8,878.371
298.9,878.312
299,878.252
299.1,878.193
299.2,878.133
299.3,878.074
299.4,878.014
299.5,877.955
299.6,877.895
299.7,877.836
299.8,877.776
299.9,877.717
300,877.658